78.286340 86.950608 18.7
4.388393 113.090695 30.1
76.8715485 -105.723835 16.6
-62.2871985 -26.258583 15.4
-51.822310 35.101413 35.3
48.098218 36.879052 31.0
73.737049 18.454315 31.5
-73.826292 -66.614956 21.0
-80.818141 -85.706465 25.7
10.415878 -30.198087 16.4
-60.963338 125.626038 30.0
-73.8615565 -42.887843 19.5
84.0391695 -10.853314 34.1
87.469257 137.574889 23.7
3.2421725 -46.556840 14.7
-84.379887 75.886729 24.1
61.785854 -123.939553 28.2
57.430474 53.090562 27.3
-82.136095 3.234909 32.9
-78.8519795 -114.720144 15.9
86.902590 -133.759974 33.5
28.753269 93.445851 35.5
-31.5846305 -145.651151 39.0
79.1393965 109.563452 25.3
0.3631775 -91.697040 33.3
43.464579 106.311870 21.5
32.907198 96.327410 22.4
-9.8536025 150.559682 35.9
54.6959795 -85.330471 38.8
75.7330935 -169.436287 13.5
-48.477775 -113.443259 17.0
-63.3194635 53.615935 24.7
-6.2257625 127.659231 28.4
-85.251210 96.748284 18.2
71.8980105 -16.700179 25.5
-55.5692645 -157.667179 28.0
-3.7745035 -89.773915 22.3
69.5193075 -105.522569 35.7
-13.205367 132.306229 14.3
5.672667 168.026013 30.9
-9.7912905 151.664162 30.4
87.739068 132.361861 16.6
-72.6144505 -28.244149 29.6
55.584689 89.506558 24.7
-52.9009985 37.685859 11.7
-54.967792 -41.810506 20.2
-54.9496445 -159.938162 39.4
87.7109935 -73.234751 10.9
4.2511815 -79.400113 15.6
-49.7708925 -40.518314 20.4
-54.2234025 -73.161414 18.4
-24.2690315 101.053548 16.5
37.0040635 70.313682 38.9
14.845137 -80.543505 24.3
48.2647035 -58.419638 16.3
45.6461845 -158.436039 10.9
50.093471 158.964083 12.9
-1.105029 -25.002594 12.4
28.7580105 -2.155212 25.5
85.9901455 -74.234326 11.4
56.7364805 25.359664 34.7
71.907163 63.979966 25.1
-51.754428 -101.276193 22.2
72.202412 -9.997981 34.2
-29.9087555 10.377079 22.4
60.624611 -25.488038 17.8
3.318621 150.622101 13.3
-63.634304 -151.585703 35.2
39.953748 -174.850989 25.5
-81.0026525 48.143278 10.1
-46.7251155 -156.099075 25.1
65.936867 -63.648584 11.2
-3.885509 76.857402 12.7
-39.002901 9.981244 12.6
3.542079 -132.489764 18.4
-76.0293185 -28.629326 38.9
-13.731906 -55.689369 33.8
15.373569 -107.995053 36.5
-11.828649 163.744484 12.3
71.1030235 110.346074 30.5
-51.191809 -99.828434 39.7
50.7320515 -98.494297 24.3
41.501244 141.958364 23.0
3.637806 12.014874 11.8
-3.0345585 -50.332853 16.8
31.062467 173.974107 33.0
-29.8723985 -51.035256 27.1
56.676675 -157.380159 20.1
-32.2112915 87.069649 32.5
-73.320572 47.621889 25.4
56.586172 -27.758781 10.6
40.9881535 112.365483 13.9
-31.4766155 117.209036 28.5
1.7586525 172.556325 20.6
73.2320595 90.659982 29.2
-79.722690 -137.967205 23.6
-64.924788 -113.295635 24.1
47.2350655 -16.052032 39.0
83.775962 69.185721 21.0
36.261407 -102.265725 34.9
-3.5363365 -28.895082 34.7
-44.879946 55.399952 17.4
-33.3244545 96.677086 21.1
65.3187555 51.293066 20.5
52.9151525 37.680696 26.8
10.8357835 27.727333 28.3
7.638514 -165.964744 33.3
28.332900 -107.193102 17.0
-28.0082975 -167.971668 14.8
-10.1663915 45.141921 18.9
-24.893105 -164.921813 34.2
64.449139 92.615919 27.5
-33.8022365 103.815829 15.2
60.884284 -124.093633 21.0
5.793389 -98.676872 38.3
4.0126695 79.440838 36.7
19.317832 16.784886 24.3
6.090014 75.599545 17.7
-50.547451 -136.746438 34.6
-33.1335665 30.011363 30.7
7.326981 -48.185690 23.2
-6.160345 -138.722241 38.0
-42.9158115 77.647830 18.4
-39.2577975 61.989793 31.2
-58.2201955 -34.186963 11.6
-30.6314185 13.508182 34.2
-35.578623 -135.502852 18.3
-75.980107 13.753390 10.2
84.4847875 -3.839754 37.7
-89.5259305 138.425844 26.7
-88.707290 64.057615 34.5
-52.0636615 31.436591 13.6
-18.269842 -169.587078 29.7
35.6726955 161.815555 23.0
55.1441775 -179.333815 25.6
-23.923644 25.026442 22.5
-77.486924 -16.224339 29.8
-14.375623 44.425455 26.6
0.0061365 139.340945 31.8
-22.919992 -76.152525 30.7
-82.691947 95.398542 29.5
37.8303565 172.426016 17.4
17.252815 -82.659175 37.1
-24.5468715 -156.813038 34.1
73.594397 -53.934507 39.6
-0.292231 -53.398735 21.8
-22.872798 52.985569 25.7
-71.390996 74.528311 18.1
-85.787835 -36.315400 34.3
54.389112 179.489037 25.7
7.5882175 -14.442703 17.2
45.653696 47.492894 20.2
61.7787225 171.316288 35.0
-87.3044345 -28.679445 19.7
-5.4200395 -137.503456 25.2
20.571096 77.039755 20.6
47.365137 -110.638595 29.6
-42.783139 143.979736 32.4
-69.036377 136.701874 37.4
-21.021364 -137.130394 28.2
-2.284061 -66.258392 33.4
52.5749515 -78.847537 34.6
9.5395465 -119.200306 22.9
64.052066 68.398571 36.6
70.558994 155.991343 27.7
-52.693100 158.456358 20.8
-45.3043205 59.480895 14.6
-47.048986 159.074125 29.5
62.313485 45.041839 17.0
-0.211852 -118.820072 22.7
18.8566965 -96.814615 36.4
-88.622544 -30.737329 35.3
73.382528 -38.308514 26.1
37.6691535 -90.496719 11.2
-71.8721365 -10.536518 10.0
-30.562759 9.200543 21.6
71.3992455 -60.334408 30.7
81.1824605 17.810175 25.2
48.1313435 -119.176171 33.0
42.702556 -27.828776 17.4
-15.946079 22.117613 14.9
43.891925 44.625638 37.0
-50.9208515 140.439380 32.3
-14.679683 133.031356 25.2
3.392788 101.681348 13.1
-26.131403 -117.573431 20.3
59.842071 -170.552918 23.9
-35.609253 -80.572947 23.3
-61.7373185 -74.079441 22.6
51.347374 -9.241392 17.8
-32.1448805 126.104006 27.5
50.522244 -38.280525 13.0
67.9708505 -157.183832 27.5
67.829591 -43.688861 31.3
-83.319636 22.748697 38.4
74.6078505 -38.514003 26.4
65.950485 85.680191 38.6
5.5974335 121.675589 12.5
-11.0022595 -44.776641 16.4
44.005818 25.576928 39.9
-18.4215415 55.665559 36.4
-85.867389 -37.486516 27.9
68.9067815 -7.083743 17.3
66.975660 -44.309172 23.5
57.1448945 90.505139 21.3
-35.875004 108.885919 21.9
-32.8957025 -16.560912 24.9
54.5183075 158.917150 32.3
-76.2547465 149.135352 17.7
51.076652 -74.846138 38.7
84.3428575 -166.794453 18.4
-39.362786 -6.595950 10.5
52.738410 -157.789444 36.3
-61.2310325 -0.045441 38.1
-73.9590015 116.559728 34.3
45.966463 -138.371256 23.6
55.427887 153.039157 17.4
6.0744995 -133.174024 33.4
30.4731585 -87.690606 34.5
57.5992545 164.994959 15.6
-86.7069405 -61.855447 13.0
-42.606960 49.018688 37.9
-1.8950245 -7.117102 14.5
81.408824 -137.053278 18.9
-16.685903 -110.573915 19.2
-43.941950 99.225426 30.3
76.941766 164.221436 38.9
-69.357891 117.440237 12.3
-71.6432375 173.943270 24.2
25.2463765 160.585587 22.0
18.0677065 5.877899 30.6
8.5657685 121.039924 14.1
25.6865535 165.260670 35.4
-26.1355865 6.504209 14.1
41.6020715 176.203832 31.2
71.6667285 140.260192 22.3
7.5265905 -126.151341 31.9
-5.2887875 -70.574523 23.8
-4.322581 45.671515 29.8
-86.259221 6.487901 13.7
-84.1610525 -135.520206 35.4
-61.158294 128.241644 20.5
64.589523 -156.016465 17.0
-83.3417015 99.463679 30.0
46.5854045 -21.099706 27.9
22.8216515 -141.328648 37.1
65.206902 -33.564149 15.0
-69.832183 -151.709282 24.9
72.6096585 -22.221958 16.1
77.552247 42.287771 18.4
64.534470 -69.678736 37.0
24.2856285 -102.828267 29.7
-11.953732 47.539880 36.1
84.099048 -15.168043 16.4
88.480478 171.804501 39.3
-75.2817475 -138.792922 23.9
34.944415 123.728661 12.4
-47.5683925 -158.999138 10.7
-40.3180345 -145.411742 20.8
-9.3588065 -1.088451 12.3
-86.9847655 -28.889290 31.8
-27.7639825 -60.250720 27.2
83.0932195 80.869467 37.5
34.6725915 -110.502707 33.4
-51.808372 27.558019 12.1
51.3437915 51.753550 36.6
28.637590 -17.340636 21.1
10.467573 -146.374173 19.0
-32.845145 143.440335 18.5
5.4071745 80.999507 32.8
-2.8060085 174.720504 11.2
-40.237871 -62.132228 31.2
-49.055703 174.658900 18.5
55.365096 149.911343 25.9
19.252300 -54.666831 11.7
12.782870 -15.218678 21.7
-44.983891 157.090576 34.5
-5.7645965 -3.821303 37.3
29.894428 69.068126 37.5
-6.700387 -9.008819 26.9
42.6431425 45.778490 21.1
80.0665065 -10.026718 32.9
-51.4664845 -12.609751 11.4
80.4309355 -117.646021 39.6
37.656761 -24.186095 39.8
-59.192784 176.426882 25.7
-35.1745045 88.525692 33.8
39.1172075 126.408837 33.4
41.9949605 167.585859 35.1
60.616933 -49.155812 36.0
-20.382355 60.398986 12.3
35.525623 -43.521438 35.7
47.091745 90.784053 20.3
76.3906665 25.069389 38.1
-70.619989 -11.161045 22.2
-52.2720285 45.013795 35.0
60.003574 145.429591 11.5
44.6926285 143.697319 15.8
-80.047773 21.820997 38.1
6.162321 -99.098202 27.0
50.296891 33.629280 37.1
46.420652 48.921086 13.0
-39.9112915 87.779033 30.8
-52.8232685 -80.637684 11.0
-65.2472645 13.586571 27.5
-44.157795 -14.023643 32.2
72.3282215 -6.402025 32.5
-12.8355665 -156.146008 35.9
-44.1466355 159.633681 29.9
33.465840 85.339014 23.3
-89.7945705 2.444417 28.5
-64.5185415 -135.079873 27.3
-1.773718 -19.019565 22.2
25.644207 -51.546050 13.7
50.7455725 -50.992000 20.1
-69.819428 -178.600059 31.2
54.2784815 57.405331 32.8
88.3942835 13.656926 31.5
84.8945715 174.076297 18.1
81.543322 -121.760513 29.2
14.5092795 -117.148642 16.8
32.3186025 111.220707 16.5
1.8021065 107.574240 25.7
-55.841915 -3.730117 23.6
39.1948175 -11.461118 27.8
-86.774636 -169.676545 35.9
27.4386705 149.255531 28.4
5.5789505 -173.802689 36.5
-40.1032425 156.151017 20.8
-48.377962 99.546876 27.6
-9.175773 134.749271 38.0
69.3189415 -42.054477 31.7
18.581501 -68.031151 14.7
-20.981810 8.859604 19.2
59.490611 165.693865 31.3
-88.815676 -50.752801 29.7
-85.5848305 6.778697 30.3
52.7914945 70.794948 16.1
54.802217 -170.807799 38.2
-38.815022 -124.656433 19.1
-39.076374 110.925115 27.7
14.968973 101.762226 19.4
79.8686175 -148.872360 16.9
41.243764 120.360157 20.6
-70.5793575 -29.392651 39.2
-8.7215835 -142.772282 36.9
2.8769905 -48.261780 11.7
-61.755539 119.903732 31.8
-25.3825805 44.645020 19.9
58.8023225 -154.769137 18.8
38.959289 -165.629374 36.4
60.4781275 136.273478 16.9
43.866104 -41.368148 33.6
80.766988 -126.921285 34.1
-50.794472 133.077584 21.9
49.1508715 -154.076616 32.4
20.2300545 -80.376622 13.8
71.7162825 -110.188045 16.9
69.818501 -142.368075 28.0
-89.285566 152.401508 27.9
-32.262121 -66.804553 11.0
-68.7430605 78.793496 29.8
54.082382 -21.996506 23.3
-44.3840075 57.134384 32.1
24.2822645 -149.460261 21.7
-58.3286935 -57.077262 27.7
1.5601865 67.528949 33.7
72.774932 -52.377863 30.5
-86.6802475 44.465058 10.4
47.7919395 104.229722 10.1
46.8041245 101.659681 35.9
-85.7703865 -71.317848 34.1
-17.122264 -132.575105 37.9
52.423348 -143.562192 22.7
23.104287 -86.920267 16.1
82.876585 -169.047852 31.5
86.7177515 92.907978 31.1
-66.6459625 -160.360757 26.6
42.4814265 29.361987 15.5
69.2099475 59.941533 18.3
21.528804 -18.837741 24.2
-58.206510 142.305559 20.5
64.1511035 7.080538 28.6
-54.3676575 64.753000 30.5
-79.984731 99.452057 31.8
-66.0284645 -113.200445 24.6
-2.839847 -38.900884 22.8
28.6687765 -25.927530 13.6
39.5201915 -149.160292 17.8
-82.7773135 -1.088790 16.8
3.897371 -109.857610 30.1
51.892848 -173.995449 21.6
69.102963 -156.817505 25.6
14.9542545 102.042960 35.6
-24.0783495 -78.180209 15.8
-64.582365 -177.519476 11.5
37.0625435 -96.405309 16.5
-57.8396735 132.861631 23.7
68.001033 24.887848 21.5
37.8625995 156.965108 26.5
38.532088 18.400191 33.5
79.5561075 174.319873 34.5
54.2237155 -16.112717 13.5
-29.459699 -165.973191 19.9
-53.5149165 62.504728 19.8
62.983648 -44.801004 31.4
61.648704 44.161087 11.3
-44.4641475 151.490827 10.3
-66.3028695 128.942520 21.8
-88.113753 -89.479612 22.1
49.909220 20.710447 10.2
9.876469 -59.868672 19.5
-78.365155 -80.342075 33.8
20.970471 12.012679 26.1
-46.715456 64.694298 33.2
-55.034961 116.387199 35.9
-45.075495 35.448977 32.9
-22.2252405 -122.319141 33.8
-54.2340345 145.066899 11.6
-71.3681075 -9.949133 22.0
-29.6775285 -127.283258 35.9
-79.4176015 106.310741 15.5
-76.265302 -72.246385 20.8
46.1388045 100.317119 18.2
43.1852385 -54.919947 10.6
-44.6739395 174.584937 20.5
-21.966837 -170.236323 31.8
89.806254 104.686717 32.1
62.883211 147.172471 14.0
-25.078665 81.664746 23.2
-24.414877 157.710786 10.1
-66.997254 58.067024 13.9
45.170206 140.031637 32.6
-53.7963295 106.133447 33.1
-83.9966345 -48.825464 21.8
13.7475725 -166.276640 23.8
73.112192 8.451102 17.1
88.1358275 46.777462 34.9
36.7091305 -3.338002 36.2
-15.1313475 -16.526966 19.7
79.311165 91.923635 35.9
23.511212 -23.810548 36.7
-53.6132495 125.808507 35.9
49.616937 156.793225 13.1
2.662150 -74.925278 12.9
-53.408325 95.624245 23.4
-38.4220405 -103.126867 21.6
72.6490615 49.294416 21.2
-88.879050 -131.252603 15.9
-70.410634 82.957708 29.4
-5.0504685 70.403773 11.2
-7.9482425 3.126295 13.2
-64.121195 16.986632 36.4
-10.2392565 -176.273611 29.8
7.044126 47.461475 14.4
50.1486525 46.044724 17.2
-65.8529075 73.244549 10.7
3.367628 121.704339 25.6
57.7279295 119.733444 29.6
-10.8115355 -103.199255 30.0
88.7123745 165.356199 34.1
14.199528 141.690043 30.9
-17.259206 -80.035068 22.7
54.0201925 -81.407008 22.6
51.456299 16.091222 20.2
-76.904813 20.014146 30.0
-3.525122 88.960092 25.2
27.7017915 151.571916 23.8
-51.708764 74.302533 23.3
79.1913985 164.426497 11.9
69.4076895 -129.451760 25.8
-11.326830 -118.477512 20.7
-4.084321 68.074374 27.0
-80.0432915 10.462998 30.9
13.6456215 4.675830 10.7
20.349586 113.176617 23.3
64.057796 -170.953596 24.8
24.6159345 -34.543896 17.5
59.8266775 111.516385 30.6
71.6377095 -76.282076 28.1
34.2290925 153.918952 32.1
75.117613 -78.652568 22.3
45.6773955 -109.147331 14.2
20.0673695 103.034890 22.2
4.2510515 -135.234414 35.9
31.939067 124.374908 16.7
89.4021415 -10.664633 11.0
-31.4524965 130.853418 31.2
16.583765 38.194124 25.8
-25.288655 -133.488103 17.4
-10.309660 -114.278382 11.2
-56.011279 -82.344499 12.8
-41.625357 -110.257542 38.0
6.4496805 -156.584007 12.1
-48.3952745 -28.454869 17.8
-72.2154015 107.335881 21.9
58.9444855 -137.480724 31.8
-39.8187735 -74.446101 39.6
-30.2581585 69.333698 14.8
66.314508 -100.648398 39.1
-12.861268 86.939263 14.1
33.253041 77.206365 21.5
15.8629165 16.556794 11.3
58.3769575 175.043749 14.7
17.467865 88.886715 21.7
66.293007 -87.398906 29.5
-72.8950095 149.459536 19.9
66.401025 -155.330797 37.9
0.8766615 -0.192404 28.0
-73.9168605 -50.002685 22.1
40.9982455 72.260781 23.4
82.177337 45.565281 35.7
83.3600955 -172.343747 38.5
-5.256641 -24.421727 29.9
-75.051230 -16.431644 31.2
66.228582 -125.514369 35.3
-69.988359 95.942685 26.3
-3.127938 -136.168482 30.8
64.542621 73.048042 15.4
17.6580645 146.965004 34.9
31.8405405 28.475687 16.7
6.674532 -89.670663 37.6
-15.4866565 -107.518403 16.0
45.2610245 -108.428438 12.0
-84.9152035 -54.282132 12.0
6.418740 160.571532 30.5
84.180117 -125.278258 13.1
24.0892755 -62.064334 14.2
-12.4181615 -157.160784 37.2
-24.0081605 -124.853285 33.2
-45.6659165 -144.055051 27.0
76.4416495 18.190590 17.4
4.9904025 -49.120487 16.4
76.8820235 22.457117 13.6
-68.0637515 -164.120003 26.3
-20.099061 140.196715 35.9
-49.6036785 -25.005532 26.5
-81.4425725 -76.289631 20.7
-64.969326 -15.924038 34.6
-8.735796 5.303377 34.9
16.4186965 -177.405030 20.4
75.678017 165.279535 11.9
84.057856 -47.384594 13.2
0.9345325 -11.775706 38.0
-63.698693 -60.443770 16.1
14.0087565 -153.725313 23.3
-47.474004 -100.668839 27.5
76.644875 158.652722 34.2
-21.823051 116.293826 13.6
-51.007514 131.419400 12.5
82.161130 -154.376165 35.1
13.5204755 30.918310 27.7
-4.4057525 -40.623517 36.4
-89.152343 -4.871503 31.3
12.2637195 -39.741239 25.2
77.017975 -84.242062 35.5
35.7701675 -139.357827 23.8
54.589932 111.464648 37.9
-70.322744 -178.447740 18.7
-57.672113 95.382561 13.0
62.788715 46.161722 38.4
12.7848645 -26.948908 22.8
-11.5414835 142.746402 22.3
88.642493 -136.266360 21.8
39.2309515 -30.567377 32.5
-24.5776395 -22.740206 34.1
89.7159645 179.409594 12.5
-13.694591 67.865941 17.1
6.310652 -116.468850 22.8
-58.401190 101.138538 28.7
-43.413337 -49.173533 28.9
56.9400235 -18.690656 31.2
-37.192679 -81.690368 11.2
-55.419674 111.302768 37.9
10.9682765 -175.432897 30.1
75.6831505 -166.500472 11.0
-49.879059 -156.947630 13.4
-47.562957 -164.991128 11.1
-8.214473 -47.379363 35.8
-57.5172075 158.241322 30.9
-37.8875495 -48.899293 27.3
55.2878665 28.930133 19.6
-77.9461345 -65.662868 13.9
-10.5060445 19.304170 23.4
-83.584171 139.055854 18.2
-23.7982345 -107.487074 31.9
73.9759005 149.294508 17.8
36.825351 -17.630338 21.3
-72.283150 40.157481 10.3
39.3715225 -114.606392 21.1
-68.741368 -22.044860 19.8
81.514940 175.965391 18.8
-39.745146 52.286899 22.0
-52.219002 9.620746 28.5
-41.745498 -32.772277 16.4
83.812549 -117.101438 15.4
-37.673988 -164.890386 30.1
0.240782 -82.122051 27.6
-64.112752 137.556435 36.6
-36.4170255 62.523409 17.6
-20.945499 163.435540 15.2
-88.7099495 14.923323 25.0
35.787334 93.381477 39.5
-27.236506 49.220399 20.6
51.8593495 90.206918 39.6
-47.369385 -32.247903 36.5
75.307968 -16.107901 38.5
-59.5682445 125.473870 11.2
4.450802 -103.198990 25.3
-17.0514185 95.431653 18.1
73.6720975 -62.805283 24.3
-50.7093395 -3.458870 33.6
44.756641 -52.136190 24.6
67.149408 -113.290016 37.1
-63.987537 -126.928372 20.8
-77.0494995 64.650892 22.4
-44.762147 96.513729 26.6
-23.086281 -131.340854 12.1
-71.7539715 -56.625306 29.8
-10.452197 -88.372301 23.9
11.303115 67.545006 31.2
-3.2838145 -145.509854 22.7
59.5380455 -39.736044 14.2
81.734478 -99.907298 31.5
-40.0525685 -13.674495 34.8
-16.0815175 15.795113 26.6
-83.7020365 -118.403757 27.3
3.2520845 -97.379611 21.6
-6.076024 -167.010062 19.5
85.9869205 148.539992 24.5
29.801402 145.547207 12.2
-25.641374 -118.869390 34.3
71.800529 55.431324 34.6
12.6285175 63.652483 26.4
-58.2752875 110.030266 21.9
68.0432655 -47.260741 39.9
72.505397 -79.510396 13.0
23.3828055 -13.787370 22.8
46.8266595 -93.101448 39.2
49.2928175 113.226634 20.7
-19.3523585 62.027217 27.9
83.1561585 141.162896 35.2
22.4496015 -92.424278 25.9
77.286511 78.521376 25.7
14.652911 -160.386104 26.3
-31.728294 112.047338 35.0
50.0727995 -170.901436 38.8
-78.5059535 -73.631273 32.1
88.0338915 42.309071 25.5
-49.3088565 -153.337678 27.1
-56.4426275 139.746656 26.6
12.973265 -16.089061 21.0
82.1434865 27.598178 30.2
13.3055245 62.398577 13.2
71.894172 30.367377 16.0
-8.840718 135.571534 38.2
-4.3323505 -22.713479 27.3
31.3823925 177.932559 10.0
67.767339 -17.881403 31.1
-44.1871795 -61.564284 25.0
80.319500 -162.621707 23.2
80.482232 -66.951632 34.0
57.7788945 -42.727893 24.5
89.1299005 162.849314 38.0
50.2006625 62.937280 33.6
77.1070765 20.365253 32.8
54.0424035 36.547778 23.8
-67.406181 -11.653009 18.9
43.739693 155.212637 30.9
1.659554 138.969069 21.5
-5.5233695 -45.773368 14.0
-74.7782675 14.700490 36.1
73.480181 -83.105365 11.8
85.765136 -39.604357 28.4
-86.6557775 -119.258762 31.2
0.182999 -146.542107 27.7
-46.7032125 115.192902 23.4
25.2831265 -44.431104 32.1
53.8448875 -72.723674 26.7
-24.171219 123.802803 25.1
21.0920035 147.086825 17.1
70.0139475 84.175285 34.3
-13.3433565 66.717716 30.9
16.890714 120.545844 17.2
-47.980216 -43.245924 16.7
5.831202 149.088937 30.8
-8.744736 47.759146 30.9
53.957447 -69.107445 20.0
-20.505075 -62.894570 35.6
77.079203 48.909439 39.8
7.016936 78.331831 21.1
52.2657415 61.968700 17.2
8.7335765 -150.721808 38.1
41.3683535 -66.675163 21.9
-54.510026 -6.646277 16.1
89.699981 14.858076 21.1
48.0098245 102.938877 18.2
63.377359 -118.640633 12.6
-68.012493 130.268247 31.5
54.3935725 60.153152 37.6
-87.672510 37.373827 18.1
-55.0651995 -156.439817 34.8
63.7623125 -35.142057 30.8
-63.1787925 -158.274081 16.1
22.7174185 -4.683435 15.1
20.3647845 10.629862 13.3
13.489818 6.362513 37.6
-37.3962715 39.093681 23.1
-80.892092 -97.961238 24.9
-3.498463 139.917716 26.6
85.2753135 -67.052968 23.5
39.002935 -82.021884 17.5
-82.700654 38.480476 27.5
-33.8414165 -9.293253 12.3
-24.252965 141.509441 25.6
17.8210385 23.372049 20.8
-44.9937535 -83.223467 14.0
58.450440 70.698064 30.8
6.4813465 151.592188 37.6
28.768910 -156.181352 33.0
-43.237117 -123.293109 14.2
-11.0519955 -30.493653 18.4
-32.2711065 -126.897101 10.1
44.971498 97.314743 30.4
74.640846 -161.479780 31.4
-13.8319505 -172.050764 10.1
-63.5757695 146.857881 17.7
-19.3538875 151.233527 13.8
24.2645185 97.134748 39.1
36.0065185 76.729017 16.2
-3.8019305 107.478248 14.4
-70.0375205 123.871700 19.4
-17.067867 -131.211332 13.2
68.205821 154.432814 17.9
-2.1062975 -98.480443 19.2
-87.0575885 -29.765624 12.4
-33.919053 -159.624279 13.9
40.1707565 52.978610 21.3
-34.333685 -97.407493 39.9
-74.7178305 -178.675399 35.0
-81.036526 -0.573767 16.8
26.8550965 -38.121408 20.3
89.041301 -1.397601 35.8
32.299169 -64.061810 10.1
67.130101 78.301970 12.1
-21.8785595 75.954399 25.5
-11.035560 -56.034387 28.9
76.460200 127.550521 35.4
-9.688014 18.336048 26.1
74.667218 -175.625907 21.5
-81.7292915 -19.733284 35.8
-49.703063 -36.154876 23.2
-9.6869855 -93.962866 23.8
-38.3217465 -119.086117 22.4
-84.461714 94.563990 16.3
-70.9391045 -148.812103 20.7
-32.455110 -154.540959 38.0
-9.364636 -121.280086 28.9
20.182311 118.397876 36.6
-77.342802 76.779228 15.6
85.5779785 175.577993 28.6
-57.1759735 66.867031 10.5
-72.008094 77.627945 38.0
56.4822875 45.562545 21.7
57.313586 36.830540 10.1
-28.470411 -108.852225 26.2
82.208607 -40.422141 20.7
28.7884105 12.951133 18.4
18.6779505 109.831589 11.9
8.2438395 -133.527591 13.1
-17.6533725 121.708209 30.1
60.4621095 55.480592 24.4
-12.880410 56.167023 25.8
-83.597366 -79.255851 29.0
69.216852 -167.396977 20.4
-59.918653 -3.081999 20.9
-37.856918 175.598870 32.8
-25.2039995 -128.188459 23.0
-46.6796975 83.978296 31.7
-6.712367 168.877442 18.7
77.106157 43.476591 15.3
-49.1946455 -103.443199 39.2
27.521022 -94.535709 24.9
-8.3829185 -105.172828 36.5
62.0842665 31.497705 17.9
84.9607835 45.181799 12.5
-43.717587 -45.922095 28.9
82.336818 150.563409 19.7
9.2577365 -46.821356 11.2
-79.9436475 27.138904 16.8
-27.723979 -4.181801 33.2
67.3512835 129.671060 29.7
-23.8435775 20.774710 12.7
68.979000 -68.599582 38.4
16.913708 -116.225012 12.0
-21.8168095 -169.866754 36.3
0.4419165 20.220088 34.1
85.137140 -165.013356 17.1
32.123116 -99.318573 16.1
33.4853145 -115.529060 33.4
47.779161 -11.006666 19.3
-46.745490 -43.871647 22.2
-43.146550 6.035084 28.4
-67.5653455 160.375219 33.9
27.3737565 77.120455 32.1
78.633192 115.788204 17.8
10.3842725 40.920889 12.2
37.1725625 -98.665018 25.3
7.905815 40.692465 19.0
38.0680735 -36.111960 24.0
-45.9979895 -16.779821 16.0
-54.4154505 -26.361450 27.1
73.5863325 -109.062573 19.9
-46.4537685 171.867297 25.3
4.640014 -114.444397 28.4
75.2097695 3.805415 30.0
79.9225385 -7.729545 30.3
77.8758425 86.684698 39.3
4.003424 -35.654499 30.8
-13.922010 138.682868 21.7
-84.313629 168.028793 15.3
50.884436 -38.679609 36.0
-28.9642575 -136.182999 12.8
38.9990835 -68.289862 14.5
-89.148874 -165.407661 21.5
11.4135575 60.813108 36.3
-27.337098 121.733838 10.6
61.975724 -140.492565 12.2
-10.7078585 40.689958 14.9
-69.687994 53.906457 16.1
-72.5045825 -54.225423 13.2
-54.5280615 -61.778422 26.7
21.4889175 46.766646 30.9
44.2798055 75.282755 38.3
-11.3988475 -103.259802 32.9
89.275496 -79.800065 38.5
70.6204115 -176.704689 16.5
34.695856 134.012566 39.1
48.9604025 101.789200 38.3
34.5111155 164.526226 26.9
48.610652 -166.751031 36.0
-71.654695 -15.919534 23.8
-22.905253 108.266139 17.6
38.057845 -95.828565 13.7
-38.133706 33.271438 21.3
-66.960595 69.431756 26.7
89.917050 167.028760 36.7
-34.261345 108.803584 26.9
-4.5122925 -72.305786 39.9
-49.931744 7.996792 17.5
41.3888585 -86.194519 32.7
15.9141345 -64.326224 16.5
33.341892 76.658826 27.7
42.6956255 -4.664302 17.9
-7.5938995 161.730597 30.2
-80.7998075 73.944021 33.4
-46.286593 -158.270488 11.6
-71.2476325 -44.287005 24.9
-17.297385 30.319275 15.0
-1.934098 146.676819 31.7
56.0720815 -132.251018 30.2
86.6624185 -147.340438 13.5
30.6677405 -67.958984 26.6
43.492774 -154.024436 26.6
-64.9585615 -122.769506 30.9
79.1112975 -129.871940 30.4
76.5848095 -0.246330 19.4
-18.0760465 -172.892133 10.6
67.7972325 67.542133 27.0
-63.356551 148.017193 18.8
-81.3483115 31.063756 13.7
-34.1685495 -157.916139 18.0
-23.400158 99.320051 10.4
-18.9701765 56.151273 36.3
-21.791611 145.350421 17.9
54.1925625 53.942812 28.6
52.476079 -163.374310 15.6
23.2530625 118.144696 36.2
-79.319344 -33.126969 30.2
-81.5753675 -34.938259 26.5
-51.4846395 136.891616 21.1
50.348987 -163.537054 18.4
-76.521878 140.825997 28.4
19.638111 -19.797313 26.2
-37.693564 150.348315 20.3
-34.9372245 57.559682 22.0
-19.0454655 154.668584 30.4
-13.245397 108.662913 36.8
84.2258115 63.836637 29.2
-31.071637 24.972470 38.9
85.5218195 147.490599 38.6
-78.993380 -106.226712 17.7
85.0832475 -75.263409 35.6
-57.789699 173.674112 14.8
-47.960826 -93.482228 10.8
3.6291915 178.575432 21.7
-80.8362115 121.238208 23.8
63.3300785 -158.827972 16.6
-47.096192 36.192953 10.0
59.282119 -148.673091 33.7
48.956419 -68.190265 13.8
-61.3901275 -115.020954 14.2
-8.410153 -4.549030 33.4
-24.665744 -142.222547 35.0
73.9656955 -46.744154 14.6
-49.376618 -35.995715 30.1
-59.9370475 -29.398270 12.8
-43.768822 43.143256 38.0
-54.8150915 65.061161 14.6
-51.4941315 -49.496696 17.6
35.266197 -120.014861 25.5
-76.783877 16.650071 26.0
7.8949045 64.348861 19.7
56.115147 -65.770168 25.6
-6.921664 118.087776 10.2
-56.3455705 163.202528 15.9
-81.618443 19.206419 39.9
-76.504740 -178.099154 19.7
6.0586725 -57.355037 22.6
44.0632635 154.588437 13.4
-27.858864 51.572605 29.2
-74.443034 -124.574320 34.1
-76.2024335 75.521255 32.7
-20.0852655 137.730180 26.3
-25.1752375 150.401652 32.4
44.282569 -179.974260 27.1
-42.1196565 -113.813816 35.1
35.607921 -52.454302 39.8
54.401385 -69.138475 24.4
-77.575148 -7.826540 28.6
-71.9043325 -59.772150 26.5
84.841014 -154.438244 34.6
64.7160665 154.997347 37.5
-46.3910825 -58.899239 18.7
-78.3394605 150.648970 14.6
-17.839773 -68.087620 12.3
69.8981095 -150.149491 18.9
62.140973 -46.320672 16.3
-23.558568 164.638140 17.3
76.020066 -91.802827 24.2
-5.0308355 129.174924 32.0
86.147077 98.298525 11.9
-17.199361 174.575093 24.2
-67.9514655 140.214556 28.6
-72.456725 -22.946272 18.8
-26.824645 70.192624 10.1
8.181137 -145.075173 17.6
-18.3851875 -139.354447 13.8
-74.7424685 39.307939 34.4
45.670107 152.930565 12.0
-8.423264 -99.150761 27.8
-17.3088215 166.072935 16.8
62.2372575 125.121855 39.9
-29.2822635 104.547640 21.4
31.373506 -75.349141 17.7
-40.635372 118.454114 18.7
-20.7128315 -37.047110 32.7
-75.5207715 114.188046 33.1
-88.8355635 -151.753551 16.4
-16.204425 -59.136564 23.8
68.483653 -150.603968 21.9
41.287833 68.073628 36.9
70.0298925 79.333630 30.0
-39.783781 15.922696 22.3
-70.7430285 -82.075335 24.3
64.3184025 7.628596 36.9
-21.5553985 59.960453 35.7
-31.411969 -87.623056 35.4
56.1164745 123.896713 24.7
-28.6452475 26.825906 29.7
-39.554596 14.416453 25.1
37.616571 -75.220415 32.3
-23.0064085 -14.886994 22.6
-88.9361245 160.612573 13.1
82.7221855 110.482734 16.0
7.2961055 -39.061796 25.3
70.6716525 140.399067 38.8
-23.508616 70.946441 29.6
-30.881394 24.306730 20.6
-37.4385425 131.024753 11.7
-87.3088375 51.238807 38.9
39.962753 -44.043140 20.9
-12.862636 128.238961 31.8
-10.186632 127.099006 18.1
-15.9499985 -155.778058 13.6
36.2995065 165.216826 13.7
69.1387635 -74.223427 12.4
3.9479795 135.244245 18.7
62.5512835 -165.887493 39.3
69.6304555 -83.647705 18.5
-27.597823 59.977095 13.5
70.839015 26.665456 36.0
11.7979185 -79.371654 15.1
-28.7046155 -52.365160 12.9
-9.988050 -124.384016 26.5
5.206262 -43.331868 38.4
-54.7155775 111.223560 11.9
-85.106814 153.972698 38.6
48.421174 -130.668730 25.3
-80.4147585 -60.128442 22.7
70.633687 1.766554 18.5
-57.654350 9.035300 23.5
59.1646875 -134.771697 38.7
-1.9302925 102.253494 37.4
59.9585685 -72.330813 15.4
-31.8707545 117.607636 34.1
-60.0837275 153.028925 11.1
36.4164895 -149.207340 32.9
54.486175 153.649234 21.3
-86.9610675 167.250428 30.8
1.121314 29.202516 37.6
76.042362 -154.406854 11.3
43.680094 103.201225 25.2
8.3457315 -118.372769 26.3
-12.792835 51.179368 22.8
37.6080325 104.088712 12.3
4.1013145 -39.284527 36.8
50.0274345 52.620889 25.7
-12.0520285 -45.957832 24.7
25.812443 -73.986467 13.4
-69.8178065 101.190143 38.6
-52.294575 -95.988781 23.6
89.6509595 99.510849 13.2
41.9710615 137.217703 13.5
22.129430 60.326132 15.3
-76.269801 -18.404169 31.9
-9.7266525 -41.781876 34.8
68.6396635 -96.583025 10.3
79.893398 32.394204 31.7
-8.5172195 -178.201698 16.2
-40.4501495 37.719618 28.1
-89.055728 -135.914697 27.3
-81.5083285 66.463785 32.5
-78.6606495 -80.921320 15.3
-20.9874245 59.050147 32.9
81.250364 136.232498 25.3
-14.6103615 -107.690755 27.0
-1.199968 146.737146 28.7
-70.693046 -140.441334 38.3
61.737368 -100.771331 21.0
-25.5127525 -115.332499 34.2
73.393135 78.453440 11.6
18.4941325 116.045158 28.5
-6.3954805 -7.205745 34.0
83.2769295 -78.423057 23.9
-9.2074015 125.224392 33.5
15.3813925 118.200602 33.1
-70.245379 66.302161 10.9
-55.9674815 45.503251 21.7
-31.996852 114.399628 38.9
-42.7899325 -56.266798 18.7
8.451802 110.514040 28.5
36.094515 -167.122727 35.4
34.283503 -131.870191 14.4
65.5473465 -156.763989 34.2
-77.655228 -112.283196 32.1
-46.7973445 -45.934523 25.8
-22.772446 -156.013463 10.1
77.4516495 -172.915384 27.1
38.6780915 152.511605 29.9
56.122410 85.895250 23.5
-1.778891 -96.716908 19.7
-82.7168545 -87.446795 23.3
-12.434420 -28.931162 26.9
-27.9983335 44.086406 30.2
-82.7362435 -129.863079 37.4
-74.129171 179.062526 13.4
31.766879 105.419838 17.0
12.753164 -28.602451 31.7
2.957452 166.774728 24.6
-26.8741405 111.163360 21.1
81.2017005 14.347422 17.5
-14.7543185 -162.808556 21.3
9.4697365 -1.046312 30.6
51.7421255 -63.832938 29.1
49.9982135 38.547850 19.4
-5.9188045 -178.248518 31.4
-70.004894 52.853079 16.1
58.789113 127.718756 38.5
53.7237995 -57.443925 24.5
-84.962342 145.189202 34.3
82.5496435 -76.748923 12.8
-35.4332295 112.574559 34.1
31.441846 79.972697 15.8
27.3892795 58.367389 12.2
85.1836105 131.390360 24.2
-57.3233765 -69.315201 32.2
27.5245275 134.409588 25.9
34.228125 157.973381 22.7
-34.3923985 25.110119 10.9
-10.9055025 -139.459259 17.5
-67.662940 -60.510038 29.7
-21.856944 -63.526888 15.5
-87.466760 108.861361 21.1
-55.286961 -146.501946 12.2
20.7570695 -168.659409 35.9
-55.0827955 -138.661402 12.9
-20.1017055 54.426952 34.5
24.291140 -161.299863 31.5
8.319147 -52.527709 30.6
-21.768925 -20.228023 29.0
-8.075700 1.214134 15.6
-79.4779395 169.735568 20.4
-41.1632265 37.686215 15.3
-22.3667765 -53.955239 18.7
-73.9676345 47.659996 28.6
55.555781 94.577980 14.0
77.104847 3.051102 14.6
51.6322375 -106.643185 24.6
20.661499 112.984836 11.9
-48.2590925 20.625588 13.2
70.7061205 -48.032299 33.1
32.2012225 -157.184794 21.4
-72.1200685 -6.153147 34.9
-77.8439735 15.483996 19.3
-12.5096045 71.602023 17.2
5.323958 39.036955 33.0
-68.9507095 -166.186098 20.5
-2.6133995 155.805516 24.5
-80.041055 -65.344173 10.9
68.9118635 -119.969041 23.1
-23.6107835 147.444185 34.3
-68.7815755 113.471710 21.4
-73.594299 27.274248 39.4
-27.7725575 148.137838 23.0
66.6878445 -96.789304 18.6
76.6414135 167.184832 16.6
0.3866675 119.346593 35.7
24.7150155 103.766728 16.6
61.1497385 137.742839 17.4
-71.801243 9.985569 33.4
83.9126705 -82.886913 13.0
-17.0801895 -94.029580 35.0
-38.147219 168.908322 14.7
-1.7978625 18.813880 28.9
-65.716285 91.028260 33.6
-52.4676185 -92.483116 33.3
-29.3686325 104.616702 34.5
86.4022725 129.920201 21.8
74.233834 49.476802 36.8
-6.3024155 -21.882498 16.6
-44.0396845 137.571896 28.8
11.2394455 -146.445594 39.1
-65.533077 -50.467077 12.9
-1.4428335 33.739367 23.9
-34.939984 49.926434 33.9
-77.9110065 -176.970567 31.3
-2.0877335 -16.171685 13.0
53.9024155 -160.637101 25.3
13.277511 -142.749669 26.3
-58.3555635 -79.153811 10.5
34.898341 83.752634 24.5
-79.5689555 119.133050 30.4
-23.4616305 -118.062973 28.5
32.9157265 -27.158746 38.4
48.592720 112.783295 33.3
31.499390 -145.990562 24.8
68.915611 -79.621627 16.1
20.369728 25.754485 15.6
43.833996 -83.247121 19.3
-72.521298 132.503335 19.6
82.103114 63.866140 35.9
39.054120 82.963118 21.0
-85.252145 114.477945 31.7
-28.759406 -5.378368 23.3
63.0473055 157.373698 32.7
-50.3561785 -159.513875 37.4
-36.116398 115.722785 13.5
36.0926145 -106.008999 30.4
-20.577430 176.648743 25.8
25.7668245 74.914017 11.2
4.592031 145.032047 23.6
33.9421195 -174.986277 15.5
-60.1900535 110.012609 38.8
-88.967173 69.656262 15.8
25.9088205 96.726877 27.8
77.047749 -135.674099 12.0
-41.188860 132.778619 10.4
-7.959303 34.787748 21.8
-89.8954635 14.699875 32.1
67.7860905 12.629436 31.8
-37.1452205 22.775546 33.3
84.457989 77.758001 34.2
20.957551 -107.692143 36.1
-58.734236 -32.323354 16.4
59.8359185 146.225404 38.6
-65.456919 15.281441 22.4
4.6682725 -159.783156 23.6
-57.168762 119.420736 34.3
-63.800251 169.623183 37.1
57.1686575 9.830481 23.8
8.143735 114.733576 30.5
-58.609067 -175.867757 27.3
-74.7084805 -24.200174 28.9
-45.145504 -44.828736 32.6
29.8590285 83.358145 26.2
-9.4053635 -179.473940 33.9
4.125336 -14.469062 10.9
18.6666465 -17.246756 27.3
28.654036 -147.684005 24.6
-86.2037255 107.606185 36.7
70.441727 -90.758514 35.2
89.3095405 -128.152764 30.1
-60.4253535 -141.170393 19.3
-38.069773 23.311714 34.4
-60.7568735 6.146104 31.2
26.095460 -9.425348 37.1
72.3660555 10.205674 35.7
-42.3607335 -174.091979 37.1
-31.850007 -68.487771 15.3
75.5668435 177.344224 29.2
88.2070975 -150.409401 28.3
-62.898688 -13.886558 36.7
2.9608915 -70.841755 25.2
-70.2349935 -96.799778 20.2
-61.2698825 -13.489043 25.1
-62.2465675 10.327853 21.1
73.314957 -97.769949 21.2
-88.667490 40.762838 14.1
-23.622376 73.279945 15.3
30.641144 173.666979 30.7
-35.565203 -173.767048 12.8
16.0692485 -82.214365 22.4
24.6760315 -169.487284 20.6
-45.6247435 38.674420 37.1
-59.1057255 -139.630573 19.6
-14.6156005 95.082218 32.0
54.6682915 -106.238830 35.9
76.306267 -63.067482 32.6
2.4866535 130.414117 17.3
-16.597643 40.914000 35.6
-69.7784415 91.140848 35.6
-26.5605065 62.819280 10.1
-40.0832685 174.328498 23.2
29.0714385 2.823341 30.5
-11.9951595 -39.114087 24.2
-61.530134 -57.995253 13.1
38.087838 35.001398 18.4
54.499466 32.740937 27.3
-10.7456855 -42.400383 19.0
42.4711675 -68.330656 16.7
41.2597675 46.662968 18.4
-2.035927 17.964856 11.9
-49.783064 107.322696 10.0
-34.3457785 103.926672 16.6
18.021709 134.828353 35.2
89.252338 -74.323194 20.3
-80.3185585 -29.266783 28.3
-44.834511 -146.018441 16.7
-32.0110605 54.187525 36.2
-31.160728 -123.648976 19.3
-51.1652285 -38.215854 37.5
71.524907 128.074129 26.9
48.467490 151.066636 17.0
30.2458825 29.260071 34.1
-80.2123875 21.080040 13.5
56.762791 159.079400 21.9
-89.646401 -24.531911 25.4
79.867843 30.042237 26.3
52.374586 -76.536582 32.4
88.2442455 -140.394387 28.6
-13.6570015 -72.633016 36.1
-82.799042 -115.287636 32.3
-74.058265 -111.185183 35.5
7.8563745 -142.526598 31.7
-74.367971 -80.717356 14.0
9.8656435 -37.766188 39.9
-29.3906725 127.941423 35.4
38.3901985 74.548589 15.4
47.976961 104.566399 37.3
19.5326085 -40.913129 37.6
-41.581936 103.312224 23.5
-85.3765345 151.499753 18.7
-15.153206 49.313997 32.0
-55.970655 -167.503093 27.4
18.4558835 -107.784924 27.4
83.839960 106.497011 14.8
66.791484 -21.906991 31.9
3.7475015 132.817456 36.5
-11.8208895 -165.239852 14.7
60.289821 -86.682855 28.0
2.446775 149.296114 33.3
-55.731935 171.546670 20.8
-38.447617 -7.844124 31.0
-63.085731 10.315774 21.2
-53.8709495 138.334114 23.6
-9.3679405 -125.310278 34.0
-20.659127 144.651804 35.5
-62.787298 -109.021322 10.5
-0.9715905 158.102216 16.8
-20.8563745 -4.338204 26.6
-59.178117 -137.388664 16.7
73.943873 -157.580444 23.5
-27.271454 -101.321994 12.6
29.951554 -95.337828 14.2
-27.8238725 159.662568 30.9
-59.731680 76.740219 21.0
68.6387265 99.134855 28.3
-25.499125 -3.108588 29.2
-5.8110815 9.431709 25.1
61.4973365 118.454190 27.4
-17.111465 37.709556 18.8
-29.228241 70.700658 13.5
-18.4179135 -65.614018 35.8
-63.210038 16.909582 14.1
9.4278105 164.154486 26.0
31.844888 58.446043 18.4
-64.5977145 -39.127173 11.9
-46.358231 63.843863 24.9
77.489794 -111.702237 12.1
50.4694185 178.071599 28.1
-23.4410545 19.870705 37.1
72.9316225 -43.651532 32.0
-71.4158475 134.879840 12.3
-39.780149 -8.311854 31.8
43.1408455 -97.720677 20.8
-67.226605 -94.008010 16.9
-48.468316 31.421972 32.9
-10.293019 -35.086250 36.4
66.653371 169.248384 17.9
-88.077799 22.499183 32.4
69.2826065 177.652639 12.1
44.5971275 -40.747132 19.1
-46.7279015 -168.022462 34.4
-78.6603905 157.315120 39.7
42.9476205 -41.289140 10.4
-64.7551515 134.757997 16.5
40.1828725 21.083096 16.4
35.092272 132.336005 26.3
76.6849265 12.145577 23.8
21.9612935 -117.692706 25.5
-76.7270805 -102.043306 11.2
-86.8585735 164.341868 39.8
-23.7895345 -133.803889 24.9
-27.528966 144.690834 32.9
64.9280995 55.551941 24.1
-57.0937855 -131.767928 22.7
4.624651 9.225282 18.1
-63.228541 45.003259 12.1
-31.9153785 174.241954 23.7
-22.9006055 175.854669 11.2
-77.3895285 -120.143772 38.8
70.728572 156.589011 27.2
55.817631 74.335256 16.0
-45.711608 160.214437 10.5
3.009636 70.868892 15.1
35.6485105 -158.672472 27.5
35.5304355 -69.406029 35.0
-53.0838725 -151.655170 35.1
-49.047258 -138.620878 26.2
-41.312882 -136.897624 37.3
41.9648165 118.915221 12.3
0.0228885 -123.292736 38.1
-69.2351025 -52.660413 27.8
13.3534925 -33.011734 33.2
67.804557 -164.941164 32.1
-87.943483 -135.049273 15.6
-58.2016935 -54.593679 19.5
-44.479144 -64.442768 13.9
69.0907615 66.717034 22.1
71.8683765 128.768936 20.5
88.4118725 142.290983 28.2
4.6886535 -90.694262 32.7
-57.8778075 168.750559 13.7
53.5383545 -23.384825 10.8
37.012703 139.218182 31.8
-23.9168035 92.121787 36.4
78.8382925 -60.090569 25.3
-2.716607 -8.231928 27.6
66.545693 -126.860100 19.5
23.880800 4.482709 38.5
5.6382115 -109.938236 34.5
26.5999905 -115.211011 12.3
-50.5579585 -168.495692 27.8
79.9472095 -131.242875 15.2
56.987583 1.613247 30.4
37.077708 71.056634 25.8
-14.654242 159.676814 26.7
-7.437578 -23.263273 21.2
-9.8532495 -32.665406 25.3
49.3198455 31.015152 36.9
-84.4270395 39.172307 28.2
25.184034 74.841372 24.6
20.5391925 -177.625413 39.5
45.5100645 35.820059 36.6
-23.4016915 72.827927 29.7
2.6897895 143.348586 29.9
76.3891555 77.867183 25.4
6.8055095 -91.638077 21.2
28.884887 68.804513 22.8
55.569198 -161.046599 23.6
42.4165785 -32.857490 12.9
18.705067 80.509672 30.4
31.942584 -45.802373 13.7
-10.950447 89.641043 14.3
-24.0933865 -30.049242 29.7
45.6920505 -127.168293 18.1
-25.396517 -78.808623 17.9
70.170467 -162.532763 37.3
-1.6217555 121.042351 21.1
-73.376438 57.355463 25.2
77.8519275 -54.194024 20.5
52.2380935 -114.568218 26.4
-1.3518385 45.365268 36.5
-75.133608 -123.586316 34.8
22.4334865 107.278180 26.6
41.4040075 -73.497995 30.5
-16.228485 18.474043 28.7
-27.774329 -128.571167 16.7
69.4695705 -13.464257 34.6
-18.0497925 87.004688 17.9
24.586859 -95.417503 11.2
42.7359645 177.230700 11.0
55.826858 -120.301631 33.7
-70.218338 73.904119 17.2
-46.7519235 127.564815 12.9
86.7207675 -72.878323 34.7
10.9685275 -39.145129 34.1
16.4722285 -179.902084 36.4
10.7675185 0.125754 24.7
-61.7310165 -81.066870 39.3
34.631540 -176.959376 31.4
-34.2183395 -144.462697 16.8
-71.8400585 100.749216 20.1
-58.5689285 -51.037433 34.8
38.623145 40.517600 16.0
56.426781 -95.288732 37.4
-75.326467 -141.159496 15.6
46.739557 -105.801529 38.1
4.218473 -160.581198 29.0
33.4380885 -115.606846 27.0
-73.850818 -40.768000 26.5
-59.4282245 140.337627 10.9
-60.0226115 -132.229602 39.2
-20.1734135 -155.078618 24.1
-17.538711 -148.204266 18.4
70.3209645 -20.684171 17.2
-47.3779095 13.999405 24.5
-59.466351 42.662791 19.0
88.2079245 -100.737158 29.4
39.592306 164.041851 20.6
87.133605 177.411447 29.7
38.4646905 69.785550 28.2
-47.3860505 -57.650949 23.4
30.4441605 157.595286 34.1
89.0192135 -8.968487 13.2
-47.626259 88.049325 21.7
-50.0973315 -134.294210 11.1
-42.551518 91.721320 13.2
-25.6150065 12.924367 28.8
-43.929047 27.892821 31.3
14.8247645 27.966583 39.7
-60.444173 -159.561026 22.0
62.3894655 147.091698 36.3
24.365336 -101.780884 22.8
-84.9060115 -171.679764 21.1
40.3018245 108.754934 30.3
42.0546955 130.784590 36.4
82.012815 6.128745 21.9
-70.501295 -67.630302 14.9
53.2501495 128.925394 19.4
22.5254835 135.259922 21.4
84.6557405 97.801007 12.1
-75.1432615 -83.924113 15.0
47.705730 31.527560 18.8
-75.1463395 -168.640751 31.8
-87.874252 150.321744 19.6
79.459153 169.941970 30.8
-51.859490 -4.535971 11.6
-61.5779045 100.832021 25.0
78.7501775 -73.088014 37.1
-59.384891 -11.383482 16.9
-7.136130 -133.453233 30.4
-36.091484 99.804823 15.2
-68.353021 51.276632 34.0
-27.063187 160.698522 10.4
13.7365225 83.249076 16.7
56.9559155 -96.188345 26.8
-16.392854 -166.634577 39.4
-32.7713575 -19.304952 37.5
24.913003 26.767797 13.8
-10.154126 138.761478 27.0
25.9439505 -103.216350 15.8
-41.921598 155.934011 12.2
4.3678375 -110.871768 34.2
28.793723 44.746549 38.2
55.110268 -63.537263 37.5
44.695131 -14.094504 37.8
13.204025 138.212968 13.5
44.3716825 -93.015551 29.7
-37.177866 19.981840 14.8
-5.419653 93.830938 15.1
40.594566 17.253668 15.8
32.6723995 -62.197269 27.6
19.730229 -85.124301 22.2
41.485538 95.360036 23.2
19.5731565 174.456103 21.5
42.6557685 64.363717 39.0
-69.4457775 17.172506 17.9
71.078160 80.088690 10.7
64.687902 87.778992 39.9
35.748861 -174.406317 10.0
-4.891848 -29.137684 16.5
-39.7181085 74.532127 28.1
-68.255790 161.723534 33.8
7.8818165 125.934926 26.6
-71.069979 168.132055 39.2
-56.367737 -17.319260 13.3
88.333907 141.960861 27.2
-49.2518145 172.778839 39.3
77.313256 -92.267627 33.4
-68.2713715 -107.559807 20.0
-82.6812985 131.946363 31.1
-62.4016305 118.596058 22.8
42.411604 169.283649 34.6
88.8665135 -149.515045 37.5
7.989318 5.517122 29.4
40.802118 -62.696193 27.6
-36.6768085 59.739971 12.5
32.0964915 -179.115922 36.3
-88.9447265 -36.889614 29.8
-54.118604 -131.869748 32.0
-12.240764 -169.688118 34.0
65.466086 -74.358562 16.6
16.072698 108.443809 20.6
-41.514344 -153.714178 10.7
-28.6382605 53.831155 34.9
4.5949305 18.425104 36.0
-35.2088895 121.869304 39.5
-48.950402 -97.470327 18.4
83.392253 -169.488512 12.4
55.401134 -36.298020 15.8
-62.731838 17.052093 18.2
-20.441890 144.684186 24.8
17.344553 70.806399 20.9
79.3227325 -29.577348 13.9
53.0119715 -93.175214 31.0
70.3654975 108.804498 29.1
-11.926362 -137.697023 33.2
-23.441624 111.566634 38.1
3.4148925 124.049247 21.0
-32.533688 77.465855 31.1
57.4268635 40.608917 38.1
28.166593 -76.128524 39.3
52.944692 -75.962921 34.5
-27.3713005 49.959142 31.3
-31.320500 152.949280 19.5
38.3045915 -144.066282 24.4
8.7219185 111.009953 35.6
28.718932 -30.552581 35.4
69.0286015 -38.660835 38.8
-76.210049 56.537963 18.8
64.8086155 21.801657 17.4
-61.7681185 135.854727 35.0
75.782690 -59.114710 31.6
-5.9384545 -59.522091 21.5
-67.481178 -83.906449 32.3
-43.133687 149.696509 13.7
-80.298647 27.693884 32.6
-68.8414105 19.471231 15.2
-82.8441985 179.142803 12.7
-4.8122365 -2.887070 32.2
-20.4670645 -125.827317 17.5
86.9386705 -16.014986 38.7
-12.9353155 -158.974975 17.5
11.129524 33.794756 17.4
-62.575882 39.836861 26.5
48.8694465 -110.761170 31.9
-55.216367 -97.919969 28.2
8.6681665 64.957576 18.8
-76.3463955 -141.120808 16.5
-36.4336825 -72.270440 28.9
80.481710 143.067110 15.3
31.170622 56.591589 29.0
-74.798395 118.780260 28.0
73.7038965 170.223454 11.5
75.8835065 -159.783123 24.9
-2.9643075 -39.077050 30.6
32.022905 -56.959079 35.0
-3.027303 105.524912 32.5
-32.312327 124.052758 19.6
-9.521435 -80.931190 33.2
7.1481115 57.412959 18.3
76.2515155 172.402318 13.3
51.3792595 87.614243 30.9
11.655139 -103.433735 16.9
60.8729675 173.347486 34.4
72.707032 -24.553843 28.3
70.171688 -147.787173 11.9
-54.2459035 22.798279 24.5
-45.233361 87.956570 19.4
-57.967611 25.416526 35.6
17.094632 -176.390164 28.4
17.456342 166.633339 24.6
8.674635 -106.871814 23.3
-86.4818325 112.713615 31.4
-54.672638 47.867997 39.1
62.443464 -49.296387 39.8
-72.373909 -111.438122 25.2
80.969168 -25.466002 16.6
-6.560776 172.425548 16.2
66.531907 145.387244 29.5
-32.833267 -171.846584 17.9
-40.548921 -90.256878 11.7
65.9608725 -149.438169 29.6
-44.692047 72.500966 38.3
84.221578 103.211701 28.4
25.257968 36.749013 19.3
72.8361965 69.641455 22.5
-18.8632375 153.722622 40.0
-57.284873 176.661677 39.2
20.1678795 72.227721 16.1
-52.8455795 159.657296 31.9
42.5557525 -46.247480 13.0
-81.452413 66.120515 30.1
-28.508706 6.333565 35.5
-48.0959095 -97.461670 34.6
24.580715 91.295373 38.4
-31.021160 -17.785783 35.7
-86.5871525 -14.046644 36.8
-42.165287 -60.680302 30.7
68.469505 -31.664668 18.8
51.5772885 -144.066879 14.3
48.7501035 -61.298185 19.1
29.674615 89.545542 15.4
-54.047555 -125.747277 22.0
-67.792009 -5.603122 23.2
-76.683719 -110.385592 36.3
-3.9372415 30.026591 24.1
43.1205305 -35.301023 37.7
-18.478340 145.503817 19.3
-18.907682 -126.555337 35.8
61.1131835 77.750212 35.9
13.977619 -148.666216 27.0
15.415222 -95.584474 35.1
-81.756324 -0.718432 29.0
-54.6043255 -67.304167 27.2
-17.270028 24.861612 39.1
35.5856285 -102.228927 31.9
-21.778507 128.067116 25.3
6.2017265 -158.674470 37.1
-7.609489 46.319327 38.5
-4.0885965 73.899652 37.2
6.2677955 -34.165828 13.3
-2.422438 158.893969 23.9
41.244249 -11.805545 13.3
-19.1897915 77.208845 17.3
5.7665555 27.483681 35.9
-20.5612065 17.852425 19.1
-63.697991 -178.415145 39.2
22.2193685 -70.866916 23.0
-87.1090175 -11.732330 20.4
-21.7412065 179.394803 31.2
85.0644325 13.492080 12.5
3.3692395 66.821907 33.1
16.029783 -153.091909 28.4
-51.142023 45.478714 10.6
61.757405 -106.026920 32.8
16.5715525 -104.511320 31.5
41.326585 -55.121597 20.7
37.020271 106.984058 32.1
71.0277935 145.095207 28.7
5.521647 117.276805 37.3
30.3594605 157.146685 30.5
25.140510 -57.708466 18.2
33.1269845 107.634697 15.1
78.830148 178.715726 33.8
75.342568 -160.327998 34.2
-45.837526 -155.530469 31.6
76.9887705 -72.128710 11.6
58.3601285 17.780472 14.7
-54.9311255 29.271299 11.3
-32.800228 -126.533455 33.8
-18.886646 -177.522311 31.1
-24.1353675 -45.463597 29.1
-23.5458045 174.180134 10.7
-76.835839 -104.041674 18.6
82.8513595 -69.086297 32.5
-20.251097 127.660508 31.6
-17.5903875 -85.505102 17.3
-72.611701 -1.086902 16.9
38.019552 -78.935368 38.9
53.060602 -5.866643 22.1
17.595728 -95.527535 14.9
-16.409640 106.044512 35.9
-42.0066655 168.691328 27.4
72.4844705 84.556830 34.8
-62.543620 122.610076 31.2
-22.9416405 -142.279678 39.8
12.914491 -73.187807 26.0
-39.478162 57.568885 23.5
-83.983581 -173.973898 10.1
66.7565165 -52.606491 19.0
7.6066285 -143.629547 11.6
-86.380185 38.331040 27.4
-49.562128 139.220782 30.5
-58.0195685 -28.829236 31.9
27.886418 149.394501 30.0
86.7062665 -142.178983 16.9
-47.5347505 -14.626308 39.6
26.033105 81.348703 19.8
-1.617123 -124.210686 26.0
55.090839 117.240034 19.9
36.346985 150.648557 38.2
-4.535762 -81.028763 24.9
83.5831225 -128.499255 36.8
-34.0684545 96.939814 20.7
-14.3291465 96.390767 30.8
-11.300891 41.938135 13.6
82.159571 95.895642 18.4
-2.7652045 -158.433691 33.0
-55.2325945 -152.084690 22.8
-13.886687 31.034597 30.9
86.0583095 -88.853455 34.8
82.9934775 -42.485351 28.5
-59.3490095 146.135492 32.0
-76.4766555 12.497423 12.1
-68.932540 -39.665478 28.2
53.1011135 -148.241127 21.3
58.136957 -128.077793 26.8
-66.3417865 52.554084 22.5
26.4022565 -51.375144 31.9
-43.515971 74.459071 22.1
31.0544725 -110.789986 18.9
-70.184643 -178.164878 25.3
23.0683085 -18.476182 10.1
88.9060535 -29.865670 37.9
58.304670 -154.362630 29.3
84.7851185 -101.411309 34.6
82.2036785 -46.352989 13.7
-22.228580 135.207608 30.4
-12.0785165 -81.325339 18.6
37.1765295 64.852545 32.0
-77.9260245 -40.090619 17.1
-6.0199115 -46.460338 38.1
-48.3393745 -98.691964 12.3
8.9120775 77.713452 35.7
30.6865345 171.238802 25.1
44.990041 122.131925 28.6
53.5609845 173.147168 21.6
-35.616588 -16.751948 24.1
-84.6422905 -52.321165 28.3
-7.3450075 -153.327909 22.6
3.564452 -140.555298 27.9
-7.653068 108.337332 40.0
-16.1528515 136.262082 17.9
56.488667 -115.073738 11.4
-33.0439655 40.257586 25.7
86.290719 -161.287016 12.9
-31.374743 7.556481 15.6
2.6383025 134.374045 10.7
-12.759513 156.132478 16.3
42.354562 -95.243430 11.4
-31.960921 -52.281817 15.2
-44.5190895 -68.222698 24.8
14.4049355 15.300239 25.5
-56.4714625 175.437421 38.2
-63.7932115 -56.917728 23.9
52.156111 -177.006173 21.7
54.4626515 149.916952 19.0
43.9582765 -164.878950 27.2
-55.480965 -108.121706 13.2
-87.5681195 -27.685867 38.0
-15.050964 -134.540631 11.1
82.2976565 86.057793 27.9
-31.0952285 -138.947774 25.8
31.2797255 133.662626 29.8
-5.0635295 91.198539 30.5
-67.698537 -69.332897 32.9
-1.9509885 -128.735201 15.5
-32.5929805 45.662131 32.6
-84.181675 99.841808 26.0
-2.557019 174.532979 22.4
-54.461857 -114.469597 19.5
-61.995232 -127.264934 15.8
-61.467656 139.040202 15.1
26.716159 114.150256 20.8
-27.982750 3.607134 12.0
-78.186149 -111.714730 22.7
-11.0649645 84.825443 21.2
-38.204007 -0.148073 27.3
44.275241 122.531710 27.4
39.7379225 -44.680699 25.8
18.9808565 24.350674 28.6
3.3687395 73.759770 30.6
-50.781863 -147.462043 38.2
-15.444945 -135.477566 19.8
-14.9863555 -86.199524 34.7
56.443348 -61.851144 15.8
-27.870984 -144.682476 21.4
86.8058665 65.953352 12.4
-68.570817 161.130149 19.3
-5.7456535 100.403411 12.3
81.8266285 -113.119567 23.2
-70.9925025 140.137170 23.6
-81.947243 24.176698 10.7
38.3418175 -72.163673 14.5
-67.2016065 -102.692286 24.6
20.3618515 172.572042 16.3
34.2672965 -74.888657 19.7
80.8909305 -127.803432 11.3
42.586718 41.407984 22.1
-57.2615935 157.714675 21.4
30.805552 155.747304 18.7
68.239841 -149.355073 13.8
10.0787675 132.822672 13.3
43.524753 -50.863739 31.5
-89.2964135 -64.339222 30.2
-4.773365 2.690451 17.6
89.217253 -32.239001 31.2
-83.3019305 70.935400 10.8
-19.972000 72.452150 32.4
68.2011785 22.182554 22.2
-43.600854 -98.242148 11.9
-8.0832375 -92.545785 24.2
-80.2707815 -29.362364 29.3
-1.088480 26.689343 20.8
74.2281375 -161.680887 21.5
89.4947445 64.339576 13.2
-53.873993 27.745149 18.2
-67.4148515 -158.128726 31.0
-76.4840865 -68.634581 35.0
55.483705 -170.371739 31.0
75.5140915 142.440528 35.0
-33.3220975 -62.605391 33.5
65.3711965 9.861518 24.4
-87.5146225 -8.530357 35.4
50.660163 -77.058792 29.7
53.9727215 -112.732380 31.0
79.212787 -103.882662 16.5
-43.4169575 -118.419420 22.4
68.303746 -126.291251 20.5
-18.4286375 79.160305 38.8
-50.6119905 174.405696 16.2
30.913622 -126.949299 25.0
44.417874 -0.513136 24.6
-50.037085 15.735922 37.6
28.3090935 -126.914282 39.3
12.404129 -18.225212 30.3
12.0435275 103.642891 38.2
5.076469 141.673881 37.8
-82.888728 99.840142 14.4
-46.116592 -62.543028 21.2
-74.444637 -63.454663 26.1
-61.524416 -174.924454 32.6
-4.5155155 51.030498 37.9
64.2986025 -119.726613 11.1
-46.3645105 54.255114 30.4
83.0769815 -57.454671 16.4
80.9659375 120.366226 14.2
-78.008612 -139.728623 17.5
85.031875 98.406461 26.8
-88.396847 164.676432 24.0
-3.844723 -37.344696 34.8
-57.774615 63.359933 10.3
7.3732325 39.017172 26.0
13.558967 -99.745296 18.3
-57.0305215 4.421797 14.0
-45.9129235 -0.347095 22.8
36.607245 -23.743628 23.3
18.006397 174.988761 23.6
-27.327191 26.467718 18.0
50.8253945 -35.117432 28.9
36.379510 -142.688291 27.7
29.7938625 -76.785171 31.2
44.108099 40.614166 37.9
-33.6136495 73.882664 33.6
2.3097465 124.922577 17.9
16.657000 -172.386632 20.4
40.937014 160.712561 16.9
70.248837 -101.183921 24.2
29.3381775 66.812112 27.3
-20.521971 45.241859 18.2
-79.6933335 114.401425 37.9
-3.840817 -142.368722 34.5
68.7616335 -114.848807 38.2
-82.3515575 74.387539 30.2
64.228103 78.889639 17.1
-83.9381775 37.551392 26.6
-47.0158565 -175.316277 34.3
-58.5373355 -110.295756 35.4
-56.876598 -101.676041 18.9
18.960807 -40.963750 27.1
54.097127 -128.128451 37.9
-48.373773 -144.157622 27.0
-70.5288015 96.740271 34.7
-6.840052 32.904992 10.5
21.686443 -39.170503 12.2
17.0885815 -175.454387 13.5
-62.6459525 6.483176 35.8
27.481217 176.654996 18.0
48.9799475 166.995871 15.1
10.0882225 -147.882330 16.5
68.0506615 -73.168083 22.7
83.296547 -133.406152 35.5
-30.976080 -99.337509 33.1
-16.083075 -141.249506 26.8
70.7461105 64.887426 13.5
39.548966 12.604727 38.3
14.3004035 -73.622745 18.1
23.3894725 178.399246 19.2
-57.2679985 146.648818 27.4
15.4438805 76.547751 26.1
80.494719 -101.457191 26.1
-6.0779135 64.570964 38.8
-84.5489515 95.855409 39.1
47.564956 118.637703 32.4
73.3753555 4.204750 19.1
-49.8629245 6.397793 34.1
81.2027115 -122.687592 14.8
43.280127 52.428846 30.8
-3.435421 4.210153 37.1
-74.931754 -92.851569 31.5
35.1858105 113.693598 16.2
86.6866265 130.146666 26.6
-36.1018325 63.241677 20.9
-50.0399985 113.246115 28.6
65.1762905 -124.145583 10.1
66.205135 57.184003 24.3
-20.236472 172.086014 39.3
60.8934925 43.628980 32.3
20.561680 -70.409918 33.7
-66.108298 -34.838490 29.7
-87.0955885 80.644259 39.4
33.6541285 -47.780524 27.3
-3.1918165 15.802559 14.6
-3.585372 63.104350 36.1
-69.6313745 178.664734 21.2
-80.813446 -56.275312 38.0
-60.2581345 -4.842216 29.1
32.0674635 160.692881 37.0
-87.2334055 17.395074 27.0
47.147383 161.857955 33.2
2.252572 99.360815 31.9
-29.439558 2.620894 15.0
-65.270591 145.273731 20.4
-24.4107145 44.404690 25.8
82.764493 -120.939692 16.6
-0.409154 127.504854 30.7
55.983129 -50.391147 38.6
78.2670605 -166.033878 29.9
-53.595381 30.424334 32.6
20.8250145 -159.432326 22.5
-55.6374035 175.981774 30.3
-24.1184825 67.023966 10.6
-22.3942645 17.875208 17.7
-3.859748 -144.927321 24.8
77.7800575 -53.668000 18.3
27.5953635 -141.354407 29.8
-19.198683 17.097683 22.5
64.2690225 -171.307058 13.6
-48.1748535 58.165122 21.7
-57.077546 96.995296 38.5
64.135459 40.637769 25.0
-0.507522 23.786994 25.8
21.9049675 -167.555875 26.0
35.4004755 -172.029841 33.8
-33.326814 -40.749852 15.3
30.253393 174.323589 11.6
26.402918 -44.182608 15.0
-17.8348455 43.761241 13.1
-73.416871 -134.608649 31.4
-21.207229 71.703203 18.3
-82.071744 43.333716 16.1
-41.235352 -21.589921 25.6
-87.8982445 -125.493628 14.3
28.3040545 76.614601 20.2
85.978825 -63.939533 13.1
-53.2047465 -67.304852 39.4
61.5390665 174.551229 14.1
-45.959149 106.043067 17.2
45.237052 -67.231986 31.2
-75.3384175 131.528314 22.5
-12.953311 -46.020715 20.7
37.3953225 -111.962420 36.0
-81.469696 -59.011863 14.5
15.1304935 -47.735384 31.0
-6.1963605 75.647492 24.7
-19.6741435 -113.517731 29.8
26.6436675 99.071839 28.3
27.641750 -147.820749 36.8
-68.180273 -174.260401 23.0
24.890472 -64.536863 39.6
-41.120695 -171.832381 16.8
45.190132 -159.128492 14.9
36.5430445 107.848638 15.1
61.9108935 54.270896 22.9
-23.703267 106.226528 37.1
-41.0581405 -82.505712 13.3
81.804458 -78.201406 12.1
-58.221241 -35.568831 14.8
48.231419 -4.633352 31.8
-22.548650 -104.268533 27.0
65.167605 -162.507762 11.1
13.7588755 -113.364078 13.7
72.241029 148.399463 12.0
-30.681169 -148.910895 17.3
53.302077 117.230843 13.1
-43.3512485 -40.463379 33.3
22.0387585 138.900289 19.7